2018.36986      14.62
2018.37260      14.68
2018.37534      14.57
2018.38356      14.60
2018.38630      14.54
2018.38904      14.61
2018.39178      14.64
2018.39452      14.62
2018.40548      14.46
2018.40822      14.63
2018.41096      14.59
2018.41370      14.82
2018.42192      15.02
2018.42466      15.13
2018.42740      15.23
2018.43014      15.08
2018.43288      15.12
2018.44110      15.20
2018.44384      15.21
2018.44658      15.25
2018.44932      15.36
2018.45205      15.32
2018.46027      15.32
2018.46301      15.21
2018.46575      15.25
2018.46849      15.07
2018.47123      14.98
2018.47945      14.56
2018.48219      14.65
2018.48493      14.30
2018.48767      14.53
2018.49041      14.57
2018.49863      14.59
2018.50137      14.63
2018.50685      14.78
2018.50959      14.99
2018.51781      15.11
2018.52055      15.16
2018.52329      15.06
2018.52603      15.34
2018.52877      15.35
2018.53699      15.32
2018.53973      15.33
2018.54247      15.36
2018.54521      15.25
2018.54795      15.21
2018.55616      15.21
2018.55890      15.13
2018.56164      15.36
2018.56438      15.23
2018.56712      14.92
2018.57534      14.61
2018.57808      14.62
2018.58082      14.62
2018.58356      14.72
2018.58630      14.75
2018.59452      14.78
2018.59726      14.92
2018.60000      14.91
2018.60274      14.96
2018.60548      14.86
2018.61370      14.83
2018.61644      14.87
2018.61918      14.67
2018.62192      14.73
2018.62466      14.78
2018.63288      14.84
2018.63562      14.92
2018.63836      14.92
2018.64110      15.00
2018.64384      15.24
2018.65205      15.38
2018.65479      15.43
2018.65753      15.60
2018.66027      15.44
2018.66301      15.39
2018.67397      15.42
2018.67671      15.17
2018.67945      14.98
2018.68219      15.07
2018.69041      15.13
2018.69315      15.19
2018.69589      15.27
2018.69863      15.36
2018.70137      15.45
2018.70959      15.18
2018.71233      15.31
2018.71507      15.24
2018.71781      15.38
2018.72055      15.38
2018.72877      15.34
2018.73151      15.41
2018.73425      15.46
2018.73699      15.46
2018.73973      15.40
2018.74795      15.43
2018.75068      15.19
2018.75342      15.31
2018.75616      14.97
2018.75890      14.89
2018.76712      14.71
2018.76986      14.58
2018.77260      13.91
2018.77534      13.79
2018.77808      14.17
2018.78630      14.06
2018.78904      14.41
2018.79178      14.45
2018.79452      14.04
2018.79726      13.92
2018.80548      14.01
2018.80822      13.94
2018.81096      13.16
2018.81370      13.53
2018.81644      13.26
2018.82466      12.82
2018.82740      13.09
2018.83014      13.53
2018.83288      13.77
2018.83562      13.67
2018.84384      13.61
2018.84658      13.66
2018.84932      14.10
2018.85205      13.92
2018.85479      13.71
2018.86301      13.31
2018.86575      13.44
2018.86849      13.38
2018.87123      13.60
2018.87397      13.53
2018.88219      12.87
2018.88493      12.75
2018.88767      13.01
2018.89315      13.00
2018.90137      13.28
2018.90411      13.22
2018.90685      13.68
2018.90959      13.70
2018.91233      13.81
2018.92055      14.10
2018.92329      13.53
2018.92877      13.49
2018.93151      13.25
2018.93973      13.36
2018.94247      13.48
2018.94521      13.72
2018.94795      13.54
2018.95068      13.29
2018.95890      12.83
2018.96164      12.99
2018.96438      12.78
2018.96712      12.53
2018.96986      12.22
2018.97808      11.91
2018.98356      12.41
2018.98630      12.28
2018.98904      12.55
2018.99726      12.57
2019.00274      12.72
2019.00548      12.38
2019.00822      12.88
2019.01644      13.13
2019.01918      13.25
2019.02192      13.39
2019.02466      13.46
2019.02740      13.48
2019.03562      13.36
2019.03836      13.57
2019.04110      13.56
2019.04384      13.65
2019.04658      13.86
2019.05753      13.61
2019.06027      13.63
2019.06301      13.76
2019.06575      14.02
2019.07397      13.90
2019.07671      13.71
2019.07945      14.04
2019.08219      14.22
2019.08493      14.32
2019.09315      14.48
2019.09589      14.65
2019.09863      14.64
2019.10137      14.36
2019.10411      14.40
2019.11233      14.53
2019.11507      14.71
2019.11781      14.68
2019.12055      14.70
2019.12329      14.74
2019.13425      14.89
2019.13699      14.85
2019.13973      14.83
2019.14247      14.97
2019.15068      15.15
2019.15342      15.15
2019.15616      15.10
2019.15890      15.05
2019.16164      15.11
2019.16986      14.98
2019.17260      15.05
2019.17534      14.93
2019.17808      14.70
2019.18082      14.59
2019.18904      15.03
2019.19178      15.05
2019.19452      15.21
2019.19726      15.16
2019.20000      15.21
2019.20822      15.20
2019.21096      15.38
2019.21370      15.35
2019.21644      15.67
2019.21918      15.32
2019.22740      15.24
2019.23014      15.29
2019.23288      15.16
2019.23562      15.17
2019.23836      15.39
2019.24658      15.67
2019.24932      15.65
2019.25205      15.81
2019.25479      15.66
2019.25753      15.79
2019.26575      15.85
2019.26849      15.75
2019.27123      15.87
2019.27397      15.88
2019.27671      16.01
2019.28493      15.96
2019.28767      16.08
2019.29041      16.11
2019.29315      16.13
2019.30411      16.21
2019.30685      16.52
2019.30959      16.45
2019.31233      16.39
2019.31507      16.30
2019.32329      16.44
2019.32603      16.42
2019.32877      16.36
2019.33151      16.31
2019.33425      16.52
2019.34247      16.41
2019.34521      15.95
2019.34795      16.12
2019.35068      16.00
2019.35342      16.00
2019.36164      15.47
2019.36438      15.68
2019.36712      15.86
2019.36986      16.00
2019.37260      15.64
2019.38082      15.39
2019.38356      15.57
2019.38630      15.51
2019.38904      15.12
2019.39178      15.13
2019.40274      15.12
2019.40548      14.90
2019.40822      15.00
2019.41096      14.82
2019.41918      14.53
2019.42192      14.96
2019.42466      15.10
2019.42740      15.15
2019.43014      15.43
2019.43836      15.65
2019.44110      15.50
2019.44384      15.44
2019.44658      15.47
2019.44932      15.40
2019.45753      15.44
2019.46027      15.74
2019.46301      15.82
2019.46575      16.08
2019.46849      15.92
2019.47671      15.94
2019.47945      15.60
2019.48219      15.78
2019.48493      15.89
2019.48767      15.94
2019.49589      16.10
2019.49863      16.16
2019.50137      16.27
2019.50685      16.30
2019.51507      16.17
2019.51781      16.27
2019.52055      16.36
2019.52329      16.48
2019.52603      16.49
2019.53425      16.56
2019.53699      16.40
2019.53973      16.47
2019.54247      16.37
2019.54521      16.39
2019.55342      16.48
2019.55616      16.55
2019.55890      16.73
2019.56164      16.58
2019.56438      16.82
2019.57260      16.69
2019.57534      16.58
2019.57808      16.32
2019.58082      16.20
2019.58356      15.81
2019.59178      15.25
2019.59452      15.40
2019.59726      15.50
2019.60000      15.79
2019.60274      15.71
2019.61096      15.50
2019.61370      15.73
2019.61644      15.21
2019.61918      15.20
2019.62192      15.48
2019.63014      15.70
2019.63288      15.68
2019.63562      15.86
2019.63836      15.84
2019.64110      15.31
2019.64932      15.48
2019.65205      15.50
2019.65479      15.46
2019.65753      15.75
2019.66027      15.79
2019.67123      15.60
2019.67397      15.86
2019.67671      16.08
2019.67945      16.09
2019.68767      16.03
2019.69041      15.97
2019.69315      16.01
2019.69589      16.12
2019.69863      16.06
2019.70685      16.07
2019.70959      16.07
2019.71233      16.00
2019.71507      16.07
2019.71781      15.95
2019.72603      15.93
2019.72877      15.58
2019.73151      15.77
2019.73425      15.81
2019.73699      15.38
2019.74521      15.66
2019.74795      15.48
2019.75068      15.20
2019.75342      15.43
2019.75616      15.60
2019.76438      15.66
2019.76712      15.39
2019.76986      15.55
2019.77260      15.55
2019.77534      15.83
2019.78356      15.86
2019.78630      16.02
2019.78904      15.82
2019.79178      15.80
2019.79452      15.59
2019.80274      15.79
2019.80548      15.56
2019.80822      15.56
2019.81096      15.73
2019.81370      15.86
2019.82192      16.03
2019.82466      15.93
2019.82740      16.11
2019.83014      16.01
2019.83288      16.18
2019.84110      16.51
2019.84384      16.23
2019.84658      16.20
2019.84932      16.33
2019.85205      16.45
2019.86027      16.53
2019.86301      16.59
2019.86575      16.57
2019.86849      16.51
2019.87123      16.70
2019.87945      16.75
2019.88219      16.80
2019.88493      16.74
2019.88767      16.69
2019.89041      16.79
2019.89863      16.99
2019.90137      16.99
2019.90411      17.07
2019.90959      16.98
2019.91781      16.72
2019.92055      16.65
2019.92329      16.76
2019.92603      16.75
2019.92877      16.89
2019.93699      16.80
2019.93973      16.80
2019.94247      16.86
2019.94521      17.03
2019.94795      17.18
2019.95616      17.25
2019.95890      17.31
2019.96164      17.36
2019.96438      17.50
2019.96712      17.60
2019.97534      17.68
2019.97808      17.66
2019.98356      17.73
2019.98630      17.73
2019.99452      17.53
2019.99726      17.59
2020.00273      17.98
2020.00546      17.88
2020.01366      17.91
2020.01639      18.02
2020.01913      18.11
2020.02186      18.32
2020.02459      18.29
2020.03279      18.46
2020.03552      18.48
2020.03825      18.45
2020.04098      18.66
2020.04372      18.65
2020.05464      18.59
2020.05738      18.77
2020.06011      18.78
2020.06284      18.70
2020.07104      18.27
2020.07377      18.53
2020.07650      18.50
2020.07923      18.40
2020.08197      18.12
2020.09016      18.47
2020.09290      18.92
2020.09563      18.96
2020.09836      19.02
2020.10109      18.87
2020.10929      19.04
2020.11202      19.23
2020.11475      19.53
2020.11749      19.43
2020.12022      19.39
2020.13115      19.42
2020.13388      19.58
2020.13661      19.42
2020.13934      18.98
2020.14754      18.30
2020.15027      17.76
2020.15301      17.80
2020.15574      17.13
2020.15847      16.85
2020.16667      17.74
2020.16940      17.24
2020.17213      17.81
2020.17486      17.26
2020.17760      16.60
2020.18579      15.75
2020.18852      16.50
2020.19126      15.59
2020.19399      14.20
2020.19672      15.19
2020.20492      13.70
2020.20765      14.05
2020.21038      13.34
2020.21311      13.77
2020.21585      13.64
2020.22404      13.75
2020.22678      14.69
2020.22951      14.89
2020.23224      15.66
2020.23497      15.34
2020.24317      15.43
2020.24590      15.32
2020.24863      14.60
2020.25137      14.80
2020.25410      14.68
2020.26230      15.72
2020.26503      15.72
2020.26776      16.04
2020.27049      16.01
2020.28142      16.19
2020.28415      16.90
2020.28689      16.52
2020.28962      16.81
2020.29235      17.11
2020.30055      17.06
2020.30328      16.39
2020.30601      16.99
2020.30874      16.92
2020.31148      17.12
2020.31967      17.25
2020.32240      17.19
2020.32514      17.69
2020.32787      17.54
2020.33060      16.97
2020.33880      17.24
2020.34153      17.52
2020.34426      17.59
2020.34699      17.92
2020.34973      18.19
2020.35792      18.42
2020.36066      18.10
2020.36339      17.75
2020.36612      17.85
2020.36885      18.01
2020.37705      18.59
2020.37978      18.64
2020.38251      18.88
2020.38525      18.77
2020.38798      18.69
2020.39891      18.73
2020.40164      18.78
2020.40437      18.82
2020.40710      19.15
2020.41530      19.32
2020.41803      19.41
2020.42077      19.75
2020.42350      19.58
2020.42623      19.89
2020.43443      20.01
2020.43716      20.01
2020.43989      20.32
2020.44262      19.21
2020.44536      19.39
2020.45355      19.62
2020.45628      19.95
2020.45902      20.02
2020.46175      20.15
2020.46448      20.17
2020.47268      20.41
2020.47541      20.45
2020.47814      20.16
2020.48087      20.24
2020.48361      19.96
2020.49180      19.97
2020.49454      20.39
2020.49727      20.61
2020.50000      20.77
2020.51093      21.36
2020.51366      21.10
2020.51639      21.56
2020.51913      21.82
2020.52186      21.80
2020.53005      21.17
2020.53279      21.29
2020.53552      21.36
2020.53825      21.12
2020.54098      21.17
2020.54918      21.78
2020.55191      21.70
2020.55464      21.68
2020.55738      21.32
2020.56011      21.16
2020.56831      21.47
2020.57104      21.30
2020.57377      21.77
2020.57650      21.82
2020.57923      21.82
2020.58743      22.18
2020.59016      22.40
2020.59290      22.51
2020.59563      22.68
2020.59836      22.26
2020.60656      22.15
2020.60929      21.86
2020.61202      22.24
2020.61475      22.13
2020.61749      22.05
2020.62568      22.25
2020.62842      22.47
2020.63115      22.33
2020.63388      22.57
2020.63661      22.59
2020.64481      22.79
2020.64754      23.06
2020.65027      23.79
2020.65301      23.61
2020.65574      23.82
2020.66393      23.76
2020.66667      24.19
2020.66940      24.49
2020.67213      23.32
2020.67486      22.97
2020.68579      22.29
2020.68852      22.85
2020.69126      22.51
2020.69399      22.42
2020.70219      22.78
2020.70492      23.01
2020.70765      22.87
2020.71038      22.55
2020.71311      22.44
2020.72131      22.38
2020.72404      22.67
2020.72678      22.14
2020.72951      22.16
2020.73224      22.52
2020.74044      22.92
2020.74317      23.01
2020.74590      23.19
2020.74863      23.49
2020.75137      23.16
2020.75956      23.56
2020.76230      23.41
2020.76503      23.87
2020.76776      24.01
2020.77049      24.25
2020.77869      24.63
2020.78142      24.73
2020.78415      24.51
2020.78689      24.29
2020.78962      24.34
2020.79781      24.14
2020.80055      24.17
2020.80328      24.10
2020.80601      24.05
2020.80874      24.26
2020.81694      23.71
2020.81967      23.88
2020.82240      23.07
2020.82514      23.42
2020.82787      22.80
2020.83607      22.95
2020.83880      23.36
2020.84153      24.35
2020.84426      24.99
2020.84699      25.18
2020.85519      24.70
2020.85792      24.02
2020.86066      24.53
2020.86339      24.27
2020.86612      24.66
2020.87432      24.85
2020.87705      24.83
2020.87978      24.70
2020.88251      25.00
2020.88525      24.98
2020.89344      25.07
2020.89617      25.30
2020.89891      25.34
2020.90437      25.67
2020.91257      25.61
2020.91530      25.77
2020.91803      25.85
2020.92077      25.88
2020.92350      26.28
2020.93169      26.35
2020.93443      26.37
2020.93716      25.93
2020.93989      26.22
2020.94262      26.06
2020.95082      26.15
2020.95355      26.31
2020.95628      26.59
2020.95902      26.74
2020.96175      26.80
2020.96995      26.68
2020.97268      26.82
2020.97541      26.76
2020.97814      26.69
2020.98907      26.59
2020.99180      26.64
2020.99454      26.87
2020.99727      26.89
2021.00822      26.64
2021.01096      27.03
2021.01370      26.57
2021.01644      27.13
2021.01918      27.58
2021.02740      27.34
2021.03014      27.38
2021.03288      27.41
2021.03562      27.51
2021.03836      27.13
2021.04932      27.66
2021.05205      28.32
2021.05479      28.50
2021.05753      28.35
2021.06575      28.57
2021.06849      28.37
2021.07123      27.46
2021.07397      27.77
2021.07671      27.34
2021.08493      28.23
2021.08767      28.67
2021.09041      28.80
2021.09315      28.93
2021.09589      29.17
2021.10411      29.45
2021.10685      29.65
2021.10959      29.82
2021.11233      30.09
2021.11507      30.15
2021.12603      30.27
2021.12877      30.09
2021.13151      29.85
2021.13425      30.03
2021.14247      29.26
2021.14521      29.06
2021.14795      29.22
2021.15068      28.33
2021.15342      28.26
2021.16164      29.17
2021.16438      28.74
2021.16712      28.04
2021.16986      27.20
2021.17260      27.62
2021.18082      26.85
2021.18356      28.09
2021.18630      27.88
2021.18904      28.77
2021.19178      28.40
2021.20000      28.59
2021.20274      28.59
2021.20548      28.73
2021.20822      28.04
2021.21096      28.14
2021.21918      28.31
2021.22192      28.02
2021.22466      27.30
2021.22740      27.29
2021.23014      27.88
2021.23836      27.69
2021.24110      27.73
2021.24384      28.14
2021.24658      28.70
2021.25753      29.13
2021.26027      29.12
2021.26301      29.12
2021.26575      29.48
2021.26849      29.51
2021.27671      29.35
2021.27945      29.59
2021.28219      29.19
2021.28493      29.66
2021.28767      29.66
2021.29589      29.27
2021.29863      29.03
2021.30137      29.18
2021.30411      28.93
2021.30685      29.37
2021.31507      29.51
2021.31781      29.51
2021.32055      29.52
2021.32329      29.49
2021.32603      28.99
2021.33425      28.83
2021.33699      28.26
2021.33973      28.24
2021.34247      28.19
2021.34521      28.52
2021.35342      27.69
2021.35616      27.63
2021.35890      26.86
2021.36164      26.92
2021.36438      27.67
2021.37260      27.50
2021.37534      27.60
2021.37808      27.50
2021.38082      28.03
2021.38356      27.83
2021.39178      28.35
2021.39452      28.38
2021.39726      28.55
2021.40000      28.43
2021.40274      28.64
2021.41370      28.79
2021.41644      28.88
2021.41918      28.57
2021.42192      28.92
2021.43014      29.10
2021.43288      28.88
2021.43562      28.96
2021.43836      29.21
2021.44110      29.26
2021.44932      29.61
2021.45205      29.35
2021.45479      29.11
2021.45753      29.44
2021.46027      29.27
2021.46849      29.40
2021.47123      29.64
2021.47397      29.76
2021.47671      29.98
2021.47945      30.15
2021.48767      30.35
2021.49041      30.39
2021.49315      30.19
2021.49589      30.26
2021.49863      30.45
2021.50959      30.48
2021.51233      30.43
2021.51507      29.98
2021.51781      30.45
2021.52603      30.39
2021.52877      30.47
2021.53151      30.38
2021.53425      30.07
2021.53699      29.80
2021.54521      29.52
2021.54795      30.00
2021.55068      30.23
2021.55342      30.53
2021.55616      30.72
2021.56438      30.42
2021.56712      29.97
2021.56986      30.41
2021.57260      30.42
2021.57534      30.12
2021.58356      30.23
2021.58630      30.33
2021.58904      30.52
2021.59178      30.72
2021.59452      30.56
2021.60274      30.63
2021.60548      30.49
2021.60822      30.43
2021.61096      30.49
2021.61370      30.53
2021.62192      30.31
2021.62466      29.87
2021.62740      29.74
2021.63014      29.63
2021.63288      29.89
2021.64110      30.49
2021.64384      30.90
2021.64658      30.92
2021.64932      30.78
2021.65205      31.12
2021.66027      31.33
2021.66301      31.53
2021.66575      31.67
2021.66849      31.62
2021.67123      31.59
2021.68219      31.99
2021.68493      31.39
2021.68767      31.47
2021.69041      31.28
2021.69863      31.15
2021.70137      30.99
2021.70411      31.34
2021.70685      31.13
2021.70959      31.02
2021.71781      30.18
2021.72055      30.45
2021.72329      30.78
2021.72603      31.30
2021.72877      31.12
2021.73699      30.90
2021.73973      30.21
2021.74247      29.75
2021.74521      30.02
2021.74795      29.94
2021.75616      29.31
2021.75890      29.76
2021.76164      29.76
2021.76438      30.33
2021.76712      30.27
2021.77534      30.13
2021.77808      30.20
2021.78082      30.45
2021.78356      31.06
2021.78630      31.22
2021.79452      31.43
2021.79726      31.74
2021.80000      31.69
2021.80274      31.71
2021.80548      31.31
2021.81370      31.47
2021.81644      31.36
2021.81918      31.01
2021.82192      31.39
2021.82466      31.39
2021.83288      31.66
2021.83562      31.60
2021.83836      31.95
2021.84110      32.41
2021.84384      32.35
2021.85205      32.66
2021.85479      32.61
2021.85753      31.97
2021.86027      32.33
2021.86301      32.77
2021.87123      32.65
2021.87397      33.08
2021.87671      32.82
2021.87945      32.73
2021.88219      32.71
2021.89041      32.23
2021.89315      31.83
2021.89589      32.10
2021.90137      31.48
2021.90959      31.93
2021.91233      31.30
2021.91507      30.68
2021.91781      31.09
2021.92055      30.47
2021.92877      30.65
2021.93151      31.80
2021.93425      31.89
2021.93699      31.47
2021.93973      31.64
2021.94795      31.26
2021.95068      30.72
2021.95342      31.47
2021.95616      30.87
2021.95890      30.60
2021.96712      30.18
2021.96986      31.06
2021.97260      31.32
2021.97534      31.58
2021.98630      31.86
2021.98904      31.68
2021.99178      31.62
2021.99452      31.68
2021.99726      31.49
2022.00548      31.58
2022.00822      31.08
2022.01096      30.01
2022.01370      30.00
2022.01644      29.89
2022.02466      29.82
2022.02740      30.42
2022.03014      30.59
2022.03288      29.61
2022.03562      29.74
2022.04658      28.95
2022.04932      28.69
2022.05205      28.55
2022.05479      27.61
2022.06301      27.60
2022.06575      27.04
2022.06849      26.96
2022.07123      26.55
2022.07397      27.27
2022.08219      28.51
2022.08493      28.79
2022.08767      28.60
2022.09041      27.40
2022.09315      27.98
2022.10137      27.73
2022.10411      28.12
2022.10685      28.85
2022.10959      28.35
2022.11233      27.40
2022.12055      27.38
2022.12329      28.01
2022.12603      27.90
2022.12877      27.03
2022.13151      26.44
2022.14247      25.89
2022.14521      25.36
2022.14795      26.14
2022.15068      26.48
2022.15890      26.52
2022.16164      26.08
2022.16438      26.55
2022.16712      25.95
2022.16986      25.32
2022.17808      24.45
2022.18082      24.24
2022.18356      25.35
2022.18630      24.85
2022.18904      24.19
2022.19726      23.38
2022.20000      24.05
2022.20274      25.61
2022.20548      25.87
2022.20822      26.59
2022.21644      26.24
2022.21918      26.93
2022.22192      26.49
2022.22466      26.78
2022.22740      26.53
2022.23562      26.99
2022.23836      27.74
2022.24110      27.23
2022.24384      26.75
2022.24658      26.78
2022.25479      27.53
2022.25753      26.79
2022.26027      25.93
2022.26301      25.89
2022.26575      25.44
2022.27397      24.98
2022.27671      24.87
2022.27945      25.27
2022.28219      24.67
2022.29315      24.56
2022.29589      25.10
2022.29863      24.59
2022.30137      23.93
2022.30411      23.49
2022.31233      23.77
2022.31507      22.84
2022.31781      22.87
2022.32055      23.71
2022.32329      23.04
2022.33151      23.44
2022.33425      23.41
2022.33699      24.09
2022.33973      22.83
2022.34247      22.41
2022.35068      21.42
2022.35342      21.62
2022.35616      21.04
2022.35890      21.15
2022.36164      22.02
2022.36986      21.69
2022.37260      22.30
2022.37534      21.29
2022.37808      21.35
2022.38082      21.36
2022.38904      21.58
2022.39178      20.83
2022.39452      21.16
2022.39726      21.86
2022.40000      22.47
2022.41096      22.50
2022.41370      22.36
2022.41644      23.19
2022.41918      22.61
2022.42740      22.80
2022.43014      23.00
2022.43288      23.06
2022.43562      22.38
2022.43836      21.64
2022.44658      20.45
2022.44932      20.65
2022.45205      21.11
2022.45479      20.13
2022.45753      20.45
2022.46849      20.87
2022.47123      20.72
2022.47397      21.07
2022.47671      21.89
2022.48493      21.74
2022.48767      21.11
2022.49041      20.98
2022.49315      20.67
2022.49589      20.73
2022.50685      21.04
2022.50959      21.06
2022.51233      21.60
2022.51507      21.53
2022.52329      20.92
2022.52603      20.66
2022.52877      20.62
2022.53151      20.50
2022.53425      20.93
2022.54247      21.02
2022.54521      21.61
2022.54795      22.04
2022.55068      22.38
2022.55342      21.89
2022.56164      21.73
2022.56438      21.24
2022.56712      22.08
2022.56986      22.16
2022.57260      22.34
2022.58082      22.33
2022.58356      22.40
2022.58630      22.86
2022.58904      23.07
2022.59178      22.91
2022.60000      22.84
2022.60274      22.46
2022.60548      23.21
2022.60822      23.23
2022.61096      23.60
2022.61918      23.70
2022.62192      23.54
2022.62466      23.22
2022.62740      23.21
2022.63014      22.80
2022.63836      22.00
2022.64110      22.11
2022.64384      22.09
2022.64658      22.69
2022.64932      21.91
2022.65753      21.62
2022.66027      21.47
2022.66301      21.45
2022.66575      21.11
2022.66849      20.99
2022.67945      20.68
2022.68219      20.98
2022.68493      21.05
2022.68767      21.71
2022.69589      21.94
2022.69863      20.94
2022.70137      20.95
2022.70411      20.61
2022.70685      20.34
2022.71507      20.70
2022.71781      20.25
2022.72055      20.09
2022.72329      19.66
2022.72603      19.40
2022.73425      19.26
2022.73699      19.29
2022.73973      19.79
2022.74247      19.06
2022.74521      19.03
2022.75342      19.40
2022.75616      20.27
2022.75890      20.24
2022.76164      19.99
2022.76438      19.21
2022.77260      19.01
2022.77534      18.48
2022.77808      18.48
2022.78082      18.92
2022.78356      18.31
2022.79178      19.11
2022.79452      19.21
2022.79726      18.94
2022.80000      19.09
2022.80274      19.38
2022.81096      19.23
2022.81370      19.68
2022.81644      19.76
2022.81918      19.39
2022.82192      19.60
2022.83014      19.53
2022.83288      19.53
2022.83562      18.97
2022.83836      18.64
2022.84110      18.80
2022.84932      19.11
2022.85205      19.32
2022.85479      18.81
2022.85753      20.24
2022.86027      20.79
2022.86849      20.78
2022.87123      21.17
2022.87397      20.89
2022.87671      20.75
2022.87945      20.43
2022.88767      20.30
2022.89041      20.48
2022.89315      20.83
2022.89863      20.82
2022.90685      20.34
2022.90959      20.42
2022.91233      21.58
2022.91507      21.66
2022.91781      21.62
2022.92603      21.05
2022.92877      20.65
2022.93151      20.62
2022.93425      20.94
2022.93699      21.00
2022.94521      20.98
2022.94795      21.35
2022.95068      21.33
2022.95342      20.44
2022.95616      20.30
2022.96438      20.02
2022.96712      19.96
2022.96986      20.35
2022.97260      20.06
2022.97534      19.90
2022.98630      19.77
2022.98904      19.44
2022.99178      20.03
2022.99452      20.01
2023.00548      20.02
2023.00822      20.67
2023.01096      20.27
2023.01370      20.70
2023.02192      21.19
2023.02466      21.40
2023.02740      21.54
2023.03014      21.64
2023.03288      22.00
2023.04384      21.96
2023.04658      21.63
2023.04932      21.52
2023.05205      22.15
2023.06027      22.69
2023.06301      22.46
2023.06575      22.59
2023.06849      23.04
2023.07123      23.08
2023.07945      22.55
2023.08219      22.76
2023.08493      23.47
2023.08767      24.13
2023.09041      23.78
2023.09863      23.46
2023.10137      23.85
2023.10411      23.57
2023.10685      23.51
2023.10959      23.03
2023.11781      23.48
2023.12055      23.59
2023.12329      23.85
2023.12603      23.51
2023.12877      23.10
2023.13973      22.54
2023.14247      22.45
2023.14521      22.83
2023.14795      22.20
2023.15616      22.47
2023.15890      22.46
2023.16164      22.47
2023.16438      22.70
2023.16712      22.98
2023.17534      23.01
2023.17808      22.63
2023.18082      22.70
2023.18356      22.22
2023.18630      21.81
2023.19452      21.92
2023.19726      22.28
2023.20000      22.23
2023.20274      22.75
2023.20548      22.76
2023.21370      22.89
2023.21644      23.21
2023.21918      23.02
2023.22192      23.46
2023.22466      23.34
2023.23288      23.30
2023.23562      23.38
2023.23836      23.85
2023.24110      24.14
2023.24384      24.48
2023.25205      24.38
2023.25479      24.28
2023.25753      23.83
2023.26027      23.94
2023.27123      24.03
2023.27397      23.94
2023.27671      23.68
2023.27945      24.08
2023.28219      23.96
2023.29041      24.05
2023.29315      24.06
2023.29589      23.85
2023.29863      23.51
2023.30137      23.62
2023.30959      23.43
2023.31233      22.83
2023.31507      23.01
2023.31781      23.56
2023.32055      23.73
2023.32877      23.67
2023.33151      23.45
2023.33425      23.37
2023.33699      23.31
2023.33973      23.72
2023.34795      23.81
2023.35068      23.62
2023.35342      23.88
2023.35616      23.87
2023.35890      23.66
2023.36712      24.06
2023.36986      24.12
2023.37260      24.51
2023.37534      24.97
2023.37808      25.01
2023.38630      25.20
2023.38904      24.79
2023.39178      24.64
2023.39452      25.19
2023.39726      25.94
2023.40822      26.15
2023.41096      26.02
2023.41370      26.39
2023.41644      26.63
2023.42466      26.57
2023.42740      26.74
2023.43014      26.32
2023.43288      26.66
2023.43562      26.88
2023.44384      27.40
2023.44658      27.76
2023.44932      27.94
2023.45205      28.38
2023.45479      28.19
2023.46575      27.98
2023.46849      27.49
2023.47123      27.62
2023.47397      27.31
2023.48219      27.08
2023.48493      27.54
2023.48767      27.56
2023.49041      27.50
2023.49315      27.87
2023.50137      27.95
2023.50685      27.92
2023.50959      27.46
2023.51233      27.56
2023.52055      27.76
2023.52329      28.01
2023.52603      28.52
2023.52877      29.10
2023.53151      28.92
2023.53973      29.22
2023.54247      29.40
2023.54521      29.40
2023.54795      28.59
2023.55068      28.53
2023.55890      28.61
2023.56164      28.83
2023.56438      28.81
2023.56712      28.76
2023.56986      29.41
2023.57808      29.53
2023.58082      29.32
2023.58356      28.53
2023.58630      28.40
2023.58904      28.28
2023.59726      28.46
2023.60000      28.09
2023.60274      27.77
2023.60548      27.81
2023.60822      27.50
2023.61644      27.79
2023.61918      27.47
2023.62192      27.08
2023.62466      26.86
2023.62740      26.78
2023.63562      27.15
2023.63836      27.16
2023.64110      27.68
2023.64384      27.20
2023.64658      27.43
2023.65479      27.69
2023.65753      28.30
2023.66027      28.39
2023.66301      28.48
2023.66575      28.73
2023.67671      28.71
2023.67945      28.55
2023.68219      28.29
2023.68493      28.25
2023.69315      28.61
2023.69589      28.14
2023.69863      28.17
2023.70137      28.33
2023.70411      27.89
2023.71233      27.78
2023.71507      27.71
2023.71781      27.37
2023.72055      26.77
2023.72329      26.86
2023.73151      26.84
2023.73425      26.44
2023.73699      26.57
2023.73973      26.73
2023.74247      26.82
2023.75068      26.98
2023.75342      26.48
2023.75616      26.75
2023.75890      26.79
2023.76164      27.30
2023.76986      27.29
2023.77260      27.52
2023.77534      27.69
2023.77808      27.47
2023.78082      27.02
2023.78904      27.34
2023.79178      27.33
2023.79452      26.82
2023.79726      26.69
2023.80000      26.20
2023.80822      26.22
2023.81096      26.48
2023.81370      25.77
2023.81644      25.42
2023.81918      25.59
2023.82740      25.93
2023.83014      26.08
2023.83288      26.45
2023.83562      27.06
2023.83836      27.52
2023.84658      27.62
2023.84932      27.89
2023.85205      27.92
2023.85479      27.69
2023.85753      28.16
2023.86575      28.15
2023.86849      28.92
2023.87123      29.13
2023.87397      29.06
2023.87671      29.16
2023.88493      29.55
2023.88767      29.37
2023.89041      29.48
2023.89589      29.46
2023.90411      29.51
2023.90685      29.50
2023.90959      29.60
2023.91233      29.63
2023.91507      29.80
2023.92329      29.46
2023.92603      29.45
2023.92877      29.28
2023.93151      29.62
2023.93425      29.79
2023.94247      30.02
2023.94521      30.07
2023.94795      30.36
2023.95068      30.44
2023.95342      30.54
2023.96164      30.70
2023.96438      30.94
2023.96712      30.49
2023.96986      30.99
2023.97260      30.91
2023.98356      31.15
2023.98630      31.26
2023.98904      31.27
2023.99178      31.10
2024.00273      30.36
2024.00546      29.98
2024.00820      29.82
2024.01093      29.79
2024.01913      30.47
2024.02186      30.35
2024.02459      30.56
2024.02732      30.75
2024.03005      30.79
2024.04098      30.58
2024.04372      30.31
2024.04645      30.71
2024.04918      31.27
2024.05738      31.36
2024.06011      31.58
2024.06284      31.82
2024.06557      31.97
2024.06831      31.76
2024.07650      32.06
2024.07923      31.84
2024.08197      31.19
2024.08470      31.54
2024.08743      32.03
2024.09563      32.03
2024.09836      32.12
2024.10109      32.32
2024.10383      32.42
2024.10656      32.88
2024.11475      32.77
2024.11749      32.04
2024.12022      32.77
2024.12295      32.95
2024.12568      32.52
2024.13661      32.20
2024.13934      32.05
2024.14208      32.98
2024.14481      32.98
2024.15301      33.09
2024.15574      33.15
2024.15847      32.90
2024.16120      33.21
2024.16393      33.82
2024.17213      33.82
2024.17486      33.09
2024.17760      33.44
2024.18033      33.93
2024.18306      33.56
2024.19126      33.46
2024.19399      34.13
2024.19672      33.87
2024.19945      33.59
2024.20219      33.06
2024.21038      33.38
2024.21311      33.37
2024.21585      33.87
2024.21858      33.98
2024.22131      33.92
2024.22951      33.88
2024.23224      33.88
2024.23497      33.92
2024.23770      33.87
2024.24863      34.08
2024.25137      33.88
2024.25410      33.99
2024.25683      33.53
2024.25956      33.82
2024.26776      33.84
2024.27049      33.94
2024.27322      33.53
2024.27596      34.06
2024.27869      33.27
2024.28689      32.72
2024.28962      32.70
2024.29235      32.34
2024.29508      32.17
2024.29781      31.38
2024.30601      31.70
2024.30874      32.25
2024.31148      32.38
2024.31421      32.11
2024.31694      32.56
2024.32514      32.67
2024.32787      32.01
2024.33060      31.89
2024.33333      32.62
2024.33607      33.05
2024.34426      33.56
2024.34699      33.46
2024.34973      33.26
2024.35246      33.27
2024.35519      33.30
2024.36339      33.50
2024.36612      33.72
2024.36885      34.37
2024.37158      34.28
2024.37432      34.21
2024.38251      34.44
2024.38525      34.37
2024.38798      34.27
2024.39071      34.07
2024.39344      34.31
2024.40437      34.48
2024.40710      34.15
2024.40984      33.34
2024.41257      33.27
2024.42077      33.46
2024.42350      33.56
2024.42623      34.35
2024.42896      34.37
2024.43169      34.19
2024.43989      34.42
2024.44262      34.48
2024.44536      35.11
2024.44809      35.16
2024.45082      35.28
2024.45902      35.70
2024.46175      35.86
2024.46721      35.58
2024.46995      35.44
2024.47814      35.03
2024.48087      35.35
2024.48361      35.42
2024.48634      35.59
2024.48907      35.58
2024.49727      35.74
2024.50000      36.05
2024.50273      36.48
2024.50820      36.79
2024.51639      36.73
2024.51913      36.69
2024.52186      36.98
2024.52459      36.46
2024.52732      36.73
2024.53552      36.79
2024.53825      36.90
2024.54098      35.67
2024.54372      35.42
2024.54645      35.05
2024.55464      35.72
2024.55738      35.59
2024.56011      34.27
2024.56284      34.15
2024.56557      34.48
2024.57377      34.37
2024.57650      33.83
2024.57923      34.95
2024.58197      33.95
2024.58470      32.72
2024.59290      31.81
2024.59563      32.06
2024.59836      31.98
2024.60109      33.08
2024.60383      33.30
2024.61202      33.29
2024.61475      33.98
2024.61749      34.04
2024.62022      34.83
2024.62295      35.13
2024.63115      35.53
2024.63388      35.38
2024.63661      35.60
2024.63934      34.97
2024.64208      35.48
2024.65027      35.14
2024.65301      35.20
2024.65574      34.75
2024.65847      34.84
2024.66120      35.30
2024.67213      34.28
2024.67486      34.18
2024.67760      34.22
2024.68033      33.30
2024.68852      33.67
2024.69126      33.97
2024.69399      34.61
2024.69672      34.96
2024.69945      35.04
2024.70765      35.15
2024.71038      35.11
2024.71311      34.99
2024.71585      35.96
2024.71858      35.85
2024.72678      36.07
2024.72951      36.60
2024.73224      36.49
2024.73497      37.27
2024.73770      37.18
2024.74590      37.12
2024.74863      36.67
2024.75137      37.04
2024.75410      36.92
2024.75683      37.51
2024.76503      37.34
2024.76776      37.40
2024.77049      37.68
2024.77322      37.73
2024.77596      37.92
2024.78415      38.04
2024.78689      37.37
2024.78962      37.49
2024.79235      37.41
2024.79508      37.72
2024.80328      37.60
2024.80601      37.49
2024.80874      36.96
2024.81148      37.26
2024.81421      37.31
2024.82240      37.39
2024.82514      37.77
2024.82787      37.43
2024.83060      36.52
2024.83333      36.88
2024.84153      36.88
2024.84426      37.37
2024.84699      38.21
2024.84973      39.04
2024.85246      38.72
2024.86066      38.90
2024.86339      38.72
2024.86612      38.70
2024.86885      38.32
2024.87158      37.68
2024.87978      37.83
2024.88251      38.10
2024.88525      38.14
2024.88798      38.45
2024.89071      38.64
2024.89891      38.79
2024.90164      38.87
2024.90437      38.53
2024.90984      38.77
2024.91803      39.07
2024.92077      39.09
2024.92350      39.81
2024.92623      39.67
2024.92896      40.20
2024.93716      40.19
2024.93989      39.73
2024.94262      40.28
2024.94536      40.00
2024.94809      40.08
2024.95628      40.51
2024.95902      40.44
2024.96175      38.95
2024.96448      38.92
2024.96721      39.19
2024.97541      39.44
2024.97814      39.89
2024.98361      39.87
2024.98634      39.35
2024.99454      38.84
2024.99727      38.60
2025.00274      38.42
2025.00548      39.09
2025.01370      39.55
2025.01644      38.92
2025.01918      38.88
2025.02466      38.16
2025.03288      37.96
2025.03562      38.06
2025.03836      38.93
2025.04110      38.84
2025.04384      39.42
2025.05479      40.03
2025.05753      40.59
2025.06027      40.76
2025.06301      40.71
2025.07123      39.62
2025.07397      40.35
2025.07671      40.11
2025.07945      40.56
2025.08219      40.40
2025.09041      40.01
2025.09315      40.88
2025.09589      40.97
2025.09863      41.11
2025.10137      40.77
2025.10959      41.56
2025.11233      41.35
2025.11507      41.50
2025.11781      42.12
2025.12055      42.36
2025.13151      42.72
2025.13425      42.42
2025.13699      42.18
2025.13973      41.19
2025.14795      40.26
2025.15068      39.72
2025.15342      40.04
2025.15616      38.89
2025.15890      39.03
2025.16712      38.22
2025.16986      38.25
2025.17260      39.20
2025.17534      38.01
2025.17808      38.41
2025.18630      36.57
2025.18904      36.80
2025.19178      37.42
2025.19452      36.59
2025.19726      37.66
2025.20548      38.26
2025.20822      37.65
2025.21096      38.11
2025.21370      37.71
2025.21644      37.80
2025.22466      38.56
2025.22740      38.65
2025.23014      37.88
2025.23288      37.58
2025.23562      36.50
2025.24384      36.34
2025.24658      36.68
2025.24932      36.95
2025.25205      34.79
2025.25479      32.36
2025.26301      32.13
2025.26575      31.46
2025.26849      35.30
2025.27123      33.77
2025.27397      34.41
2025.28219      34.69
2025.28493      34.82
2025.28767      33.86
2025.29041      33.86
2025.30137      33.19
2025.30411      34.07
2025.30685      35.05
2025.30959      36.16
2025.31233      36.73
2025.32055      36.76
2025.32329      36.91
2025.32603      36.83
2025.32877      37.13
2025.33151      38.12
2025.33973      38.06
2025.34247      37.74
2025.34521      37.85
2025.34795      38.27
2025.35068      38.28
2025.35890      39.88
2025.36164      40.66
2025.36438      40.94
2025.36712      40.76
2025.36986      40.88
2025.37808      40.83
2025.38082      40.67
2025.38356      40.17
2025.38630      40.25
2025.38904      39.90
2025.40000      40.74
2025.40274      40.47
2025.40548      40.40
2025.40822      40.25
2025.41644      40.68
2025.41918      40.91
2025.42192      41.30
2025.42466      41.15
2025.42740      41.57
2025.43562      41.85
2025.43836      42.03
2025.44110      42.06
2025.44384      42.14
2025.44658      41.55
2025.45479      42.27
2025.45753      41.88
2025.46027      41.83
2025.46575      41.45
2025.47397      41.91
2025.47671      43.05
2025.47945      43.03
2025.48219      43.43
2025.48493      43.37
2025.49315      43.69
2025.49589      43.20
2025.49863      43.49
2025.50137      44.00
2025.51233      43.54
2025.51507      43.68
2025.51781      43.77
2025.52055      43.65
2025.52329      43.28
2025.53151      43.51
2025.53425      43.79
2025.53699      43.98
2025.53973      44.43
2025.54247      44.36
2025.55068      44.53
2025.55342      44.18
2025.55616      44.77
2025.55890      44.59
2025.56164      44.74
2025.56986      44.93
2025.57260      44.88
2025.57534      44.82
2025.57808      44.57
2025.58082      43.47
2025.58904      44.33
2025.59178      44.17
2025.59452      44.64
2025.59726      44.71
2025.60000      44.91
2025.60822      44.68
2025.61096      45.34
2025.61370      45.59
2025.61644      45.23
2025.61918      45.22
2025.62740      45.30
2025.63014      44.49
2025.63288      44.14
2025.63562      43.88
2025.63836      44.94
2025.64658      44.77
2025.64932      44.98
2025.65205      45.01
2025.65479      45.53
2025.65753      45.08
2025.66849      44.62
2025.67123      44.88
2025.67397      45.06
2025.67671      45.46
2025.68493      46.11
2025.68767      46.47
2025.69041      46.83
2025.69315      47.20
2025.69589      47.34
2025.70411      47.96
2025.70685      48.19
2025.70959      48.24
2025.71233      48.78
2025.71507      49.14
2025.72329      49.66
2025.72603      49.23
2025.72877      49.24
2025.73151      48.92
2025.73425      48.92
2025.74247      49.34
2025.74521      49.39
2025.74795      49.89
2025.75068      50.32
2025.75342      50.21
2025.76164      51.06
2025.76438      50.56
2025.76712      51.55
2025.76986      51.27
2025.77260      48.93
2025.78082      50.44
2025.78356      49.81
2025.78630      50.55
2025.78904      50.53
2025.79178      50.50
2025.80000      51.29
2025.80274      51.02
2025.80548      50.40
2025.80822      51.08
2025.81096      51.94
2025.81918      53.09
2025.82192      53.16
2025.82466      53.47
2025.82740      52.70
2025.83014      53.08
2025.83836      53.56
2025.84110      51.56
2025.84384      52.12
2025.84658      51.10
2025.84932      50.68
2025.85753      52.10
2025.86027      51.64
2025.86301      51.58
2025.86575      50.20
2025.86849      50.15
2025.87671      49.50
2025.87945      48.80
2025.88219      48.79
2025.88493      47.33
2025.88767      47.60
2025.89589      49.11
2025.89863      49.25
2025.90137      49.67
